heights: 0.12 0.18 0.26 0.46 0.6241 0.74 0.855369 0.861405
radii: 0.13 0.2 0.28
