heights: 0.25 0.39 0.57 1 1.34462 1.6 1.83733 1.85045
radii: 0.28 0.44 0.6
