heights: 1.16 1.81 2.65 4.64 6.24177 7.43 8.58385 8.62903
radii: 0.45 1.30 2.04 2.8
